Script started on 2021-09-22 21:39:16-04:00 [TERM="xterm-256color" TTY="/dev/pts/2" COLUMNS="80" LINES="24"]
]0;jmw75@gold34: ~/cs374/Project03/outputs/2020[01;32mjmw75@gold34[00m:[01;34m~/cs374/Project03/outputs/2020[00m$ cat 2020-16-16.out 
Probability of fire spreading, Average percent burned, number of iterations
0.000000 , 0.000000 , 0.102400
0.010000 , 0.000099 , 0.105600
0.020000 , 0.000162 , 0.102400
0.030000 , 0.000288 , 0.105600
0.040000 , 0.000471 , 0.112800
0.050000 , 0.000633 , 0.114400
0.060000 , 0.000721 , 0.105600
0.070000 , 0.000874 , 0.115200
0.080000 , 0.001090 , 0.110600
0.090000 , 0.001111 , 0.116000
0.100000 , 0.001335 , 0.126200
0.110000 , 0.001738 , 0.122800
0.120000 , 0.001955 , 0.128600
0.130000 , 0.001867 , 0.123200
0.140000 , 0.002364 , 0.150200
0.150000 , 0.002148 , 0.141200
0.160000 , 0.002930 , 0.156000
0.170000 , 0.003578 , 0.140600
0.180000 , 0.003359 , 0.144000
0.190000 , 0.003956 , 0.147400
0.200000 , 0.004670 , 0.185600
0.210000 , 0.004944 , 0.213400
0.220000 , 0.005779 , 0.161000
0.230000 , 0.006508 , 0.196200
0.240000 , 0.008241 , 0.196200
0.250000 , 0.008137 , 0.212800
0.260000 , 0.009241 , 0.214000
0.270000 , 0.010365 , 0.272800
0.280000 , 0.011941 , 0.237800
0.290000 , 0.011129 , 0.324800
0.300000 , 0.014624 , 0.378800
0.310000 , 0.017336 , 0.283800
0.320000 , 0.018709 , 0.301800
0.330000 , 0.022383 , 0.396400
0.340000 , 0.023480 , 0.311400
0.350000 , 0.029753 , 0.391400
0.360000 , 0.033029 , 0.298200
0.370000 , 0.034192 , 0.426600
0.380000 , 0.044424 , 0.416400
0.390000 , 0.053219 , 0.459400
0.400000 , 0.059610 , 0.542000
0.410000 , 0.083487 , 0.703400
0.420000 , 0.084416 , 0.481600
0.430000 , 0.113681 , 0.746000
0.440000 , 0.136338 , 0.720000
0.450000 , 0.143015 , 0.872600
0.460000 , 0.202094 , 1.180000
0.470000 , 0.219056 , 1.086400
0.480000 , 0.259977 , 1.042400
0.490000 , 0.301262 , 1.344800
0.500000 , 0.341386 , 1.229600
0.510000 , 0.416915 , 1.601000
0.520000 , 0.462775 , 1.823400
0.530000 , 0.536126 , 1.291200
0.540000 , 0.557675 , 1.732400
0.550000 , 0.593416 , 1.548600
0.560000 , 0.648316 , 1.298000
0.570000 , 0.713870 , 1.329200
0.580000 , 0.746949 , 1.634000
0.590000 , 0.773194 , 1.631400
0.600000 , 0.806865 , 1.524800
0.610000 , 0.826851 , 1.436200
0.620000 , 0.845761 , 1.605400
0.630000 , 0.871666 , 1.363200
0.640000 , 0.894904 , 1.391000
0.650000 , 0.902958 , 1.338800
0.660000 , 0.898970 , 1.408400
0.670000 , 0.911746 , 1.382600
0.680000 , 0.924053 , 1.285200
0.690000 , 0.923735 , 1.322000
0.700000 , 0.938261 , 1.323200
0.710000 , 0.932827 , 1.267200
0.720000 , 0.939145 , 1.250000
0.730000 , 0.954320 , 1.208600
0.740000 , 0.950599 , 1.198200
0.750000 , 0.958745 , 1.184800
0.760000 , 0.957183 , 1.149800
0.770000 , 0.961766 , 1.139800
0.780000 , 0.966453 , 1.164400
0.790000 , 0.967530 , 1.129600
0.800000 , 0.968367 , 1.143200
0.810000 , 0.959272 , 1.159800
0.820000 , 0.969588 , 1.142000
0.830000 , 0.965995 , 1.145600
0.840000 , 0.967352 , 1.136000
0.850000 , 0.971093 , 1.129600
0.860000 , 0.971437 , 1.136000
0.870000 , 0.971965 , 1.137600
0.880000 , 0.972106 , 1.128800
0.890000 , 0.972244 , 1.136000
0.900000 , 0.972431 , 1.126400
0.910000 , 0.972486 , 1.126400
0.920000 , 0.969370 , 1.136000
0.930000 , 0.972632 , 1.139200
0.940000 , 0.972751 , 1.126400
0.950000 , 0.972694 , 1.129600
0.960000 , 0.972768 , 1.126400
0.970000 , 0.972776 , 1.126400
0.980000 , 0.972800 , 1.126400
0.990000 , 0.972800 , 1.126400
1.000000 , 0.972800 , 1.126400
Time: 0.123916 seconds
]0;jmw75@gold34: ~/cs374/Project03/outputs/2020[01;32mjmw75@gold34[00m:[01;34m~/cs374/Project03/outputs/2020[00m$ exit

Script done on 2021-09-22 21:39:31-04:00 [COMMAND_EXIT_CODE="0"]
